 ******* PRINTING MODEL DATA **************


------------------------------------------------------ 
Number of elements: 64 
------------------------------------------------------ 
NTU: 1 
R1: 1 
R2: 1 
NTUe: 0.015625 
Number of variables: 195 
 
 
------------------------------------------------------ 

 
 
 
 ******* PRINTING ANALYSIS RESULTS ************** 
 
 
------------------------------------------------------ 
Displacement solution vector: delta 
  1.00000
  0.38730
  0.38730
  0.98100
  0.37780
  0.37780
  0.96230
  0.36845
  0.36845
  0.94388
  0.35924
  0.35924
  0.92576
  0.35018
  0.35018
  0.90791
  0.34126
  0.34126
  0.89034
  0.33247
  0.33247
  0.87304
  0.32382
  0.32382
  0.85601
  0.31531
  0.31531
  0.83924
  0.30692
  0.30692
  0.82274
  0.29867
  0.29867
  0.80649
  0.29055
  0.29055
  0.79049
  0.28255
  0.28255
  0.77474
  0.27467
  0.27467
  0.75923
  0.26692
  0.26692
  0.74397
  0.25929
  0.25929
  0.72894
  0.25177
  0.25177
  0.71414
  0.24437
  0.24437
  0.69958
  0.23709
  0.23709
  0.68524
  0.22992
  0.22992
  0.67112
  0.22286
  0.22286
  0.65722
  0.21591
  0.21591
  0.64353
  0.20907
  0.20907
  0.63006
  0.20233
  0.20233
  0.61680
  0.19570
  0.19570
  0.60374
  0.18917
  0.18917
  0.59089
  0.18275
  0.18275
  0.57823
  0.17642
  0.17642
  0.56577
  0.17019
  0.17019
  0.55351
  0.16406
  0.16406
  0.54143
  0.15802
  0.15802
  0.52954
  0.15207
  0.15207
  0.51784
  0.14622
  0.14622
  0.50631
  0.14046
  0.14046
  0.49497
  0.13479
  0.13479
  0.48380
  0.12920
  0.12920
  0.47281
  0.12371
  0.12371
  0.46198
  0.11829
  0.11829
  0.45132
  0.11297
  0.11297
  0.44083
  0.10772
  0.10772
  0.43050
  0.10255
  0.10255
  0.42033
  0.09747
  0.09747
  0.41032
  0.09246
  0.09246
  0.40047
  0.08754
  0.08754
  0.39076
  0.08269
  0.08269
  0.38121
  0.07791
  0.07791
  0.37181
  0.07321
  0.07321
  0.36255
  0.06858
  0.06858
  0.35343
  0.06402
  0.06402
  0.34446
  0.05953
  0.05953
  0.33562
  0.05511
  0.05511
  0.32693
  0.05077
  0.05077
  0.31836
  0.04648
  0.04648
  0.30993
  0.04227
  0.04227
  0.30163
  0.03812
  0.03812
  0.29346
  0.03403
  0.03403
  0.28542
  0.03001
  0.03001
  0.27750
  0.02605
  0.02605
  0.26970
  0.02215
  0.02215
  0.26202
  0.01832
  0.01832
  0.25447
  0.01454
  0.01454
  0.24703
  0.01082
  0.01082
  0.23970
  0.00715
  0.00715
  0.23249
  0.00355
  0.00355
  0.22539
  0.00000
  0.00000

------------------------------------------------------ 
Oho Temp deff of hot fluid out 
  0.22539

------------------------------------------------------ 
Effectiveness 
  0.77461

------------------------------------------------------ 
Analytical Value of Effectiveness 
  0.00000

------------------------------------------------------ 
